1	6	3.80
1	10	4.00
1	12	4.47
1	14	4.00
1	17	3.40
1	20	3.33
1	23	4.39
1	24	3.55
1	27	3.16
1	31	3.54
1	33	3.52
1	36	2.50
1	39	3.17
1	44	3.19
1	47	3.79
1	49	3.24
1	51	3.75
1	53	3.09
1	54	3.20
1	56	4.10
1	60	3.89
1	61	4.21
1	62	3.27
1	64	4.59
1	65	3.30
1	67	3.14
1	69	3.84
1	70	3.63
1	72	3.15
1	73	3.39
1	74	3.48
1	76	3.77
1	78	2.64
1	80	2.59
1	81	3.68
1	82	3.80
1	84	2.67
1	85	3.08
1	86	3.52
1	90	3.42
1	91	3.62
1	92	3.92
1	96	4.07
1	97	3.61
1	98	4.43
1	100	3.89
1	102	3.67
1	103	3.00
1	104	3.48
1	107	4.44
1	108	2.96
1	112	2.67
1	113	4.00
1	114	4.55
1	117	3.90
1	118	3.29
1	120	2.25
1	121	3.36
1	125	3.61
1	128	3.77
1	129	4.00
1	130	2.33
1	132	3.75
1	134	4.38
1	140	3.75
1	143	3.90
1	145	2.93
1	148	3.43
1	150	3.87
1	151	3.56
1	154	3.66
1	155	3.07
1	157	3.59
1	159	3.00
1	160	3.75
1	161	3.65
1	163	3.18
1	164	3.49
1	170	4.29
1	171	4.53
1	174	4.25
1	175	3.79
1	177	3.89
1	180	4.16
1	183	3.95
1	184	3.57
1	185	4.14
1	186	4.07
1	188	4.00
1	189	4.15
1	190	3.94
1	193	3.93
1	196	4.02
1	200	3.96
1	201	3.59
1	202	3.80
1	206	3.69
1	208	3.79
1	209	3.97
1	210	4.01
1	212	3.09
1	213	4.17
1	214	3.30
1	215	3.65
1	218	3.53
1	219	3.36
1	221	3.64
1	222	3.56
1	224	4.33
1	225	3.15
1	226	3.36
1	227	3.12
1	228	3.65
1	229	2.88
1	230	3.21
1	232	3.31
1	233	3.16
1	235	3.00
1	236	4.00
1	241	3.85
1	242	4.04
1	243	2.41
1	248	3.86
1	250	3.71
1	252	2.84
1	253	3.00
1	254	2.52
1	255	3.65
1	258	3.80
1	259	2.97
1	260	2.86
1	262	3.60
1	264	2.78
1	265	3.85
1	266	2.64
1	267	3.00
1	272	4.59
2	13	2.69
2	19	4.38
2	50	4.29
2	251	4.00
2	257	3.79
2	279	2.75
2	280	2.67
2	281	3.27
2	290	2.75
2	292	4.00
2	297	3.88
2	298	3.14
2	299	3.00
2	301	3.74
2	303	3.83
2	307	3.48
2	308	4.25
2	312	3.14
2	313	4.07
2	314	3.57
2	315	4.00
2	316	4.14
3	245	3.00
3	264	2.78
3	272	4.59
3	294	3.39
3	299	3.13
3	300	3.74
3	307	3.64
3	318	4.44
3	323	3.11
3	324	3.44
3	327	3.52
3	328	3.45
3	330	3.47
3	331	3.81
3	332	3.53
3	334	3.12
3	335	3.08
3	337	3.00
3	341	1.00
3	343	3.22
3	345	3.82
3	348	3.78
3	349	2.50
3	350	3.17
3	351	2.88
3	354	3.64
4	50	4.42
4	260	2.86
4	264	2.78
4	288	3.74
4	294	3.39
4	303	3.41
4	354	3.64
4	356	3.29
4	357	4.30
4	361	3.40
5	1	4.17
5	2	3.50
5	17	3.00
5	24	3.60
5	40	2.00
5	42	4.00
5	62	2.67
5	69	3.88
5	79	4.29
5	80	2.00
5	89	4.30
5	90	3.60
5	94	2.62
5	98	4.12
5	100	3.93
5	102	3.50
5	109	3.50
5	110	1.50
5	139	3.60
5	143	4.11
5	144	3.93
5	153	3.38
5	154	4.00
5	167	2.33
5	173	4.06
5	176	4.00
5	185	3.62
5	209	3.58
5	211	4.43
5	214	4.14
5	219	2.83
5	222	3.50
5	225	3.33
5	227	3.17
5	230	4.00
5	231	2.20
5	234	3.64
5	241	2.50
5	243	2.78
5	259	2.90
5	267	3.60
5	363	3.00
5	364	3.60
5	369	3.33
5	370	4.00
5	372	3.60
5	376	3.50
5	377	3.60
5	379	3.60
5	382	4.33
5	384	1.50
5	385	4.00
5	388	1.00
5	389	3.00
5	391	1.75
5	393	3.50
5	394	4.00
5	397	3.60
5	400	1.00
5	402	4.12
5	403	3.60
5	407	3.60
5	410	2.57
5	411	3.33
5	413	2.00
5	417	4.25
5	418	3.83
5	421	4.50
5	422	4.00
5	423	3.82
5	424	1.00
5	426	3.60
5	428	3.75
5	429	4.00
5	433	3.57
5	435	3.89
5	436	3.33
5	439	3.60
5	441	2.33
5	444	2.00
5	445	2.00
5	453	1.00
5	454	3.60
5	457	2.00
6	14	3.65
6	15	3.44
6	19	3.44
6	23	3.96
6	28	3.88
6	32	3.92
6	56	3.80
6	59	3.71
6	69	3.73
6	70	3.37
6	81	3.57
6	86	3.69
6	87	4.00
6	95	3.59
6	98	4.28
6	100	4.25
6	117	3.50
6	124	4.09
6	125	3.52
6	131	3.67
6	133	3.96
6	134	4.28
6	135	4.15
6	136	4.14
6	143	3.27
6	151	3.00
6	154	3.54
6	156	3.25
6	175	3.81
6	180	3.90
6	183	4.06
6	187	3.97
6	188	3.93
6	189	4.00
6	193	4.00
6	195	4.09
6	197	4.16
6	199	4.41
6	204	3.94
6	205	3.88
6	208	3.82
6	209	4.00
6	211	4.03
6	213	3.81
6	221	3.73
6	238	3.82
6	248	3.35
6	258	4.02
6	269	3.70
6	275	3.68
6	276	3.57
6	284	3.21
6	286	3.68
6	294	2.91
6	297	4.00
6	301	2.50
6	304	3.44
6	318	4.30
6	357	4.42
6	423	4.06
6	432	3.71
6	458	3.17
6	459	2.50
6	463	3.85
6	466	4.17
6	467	3.83
6	469	3.67
6	470	3.50
6	471	3.57
6	475	3.09
6	476	2.86
6	477	3.09
6	478	4.00
6	479	4.41
6	480	4.23
6	481	3.00
6	483	4.47
6	484	4.44
6	486	3.14
6	487	4.20
6	488	4.38
6	492	3.73
6	498	4.24
6	499	3.67
6	500	4.00
6	506	4.17
6	508	3.47
6	509	3.88
6	511	4.42
6	513	4.56
6	515	4.28
6	517	3.86
6	518	3.67
6	521	3.77
6	523	4.03
6	524	3.80
6	525	3.93
6	526	3.89
6	528	4.22
6	532	3.00
6	534	3.50
7	7	3.79
7	8	3.77
7	10	3.79
7	22	4.00
7	28	3.88
7	32	3.92
7	44	3.40
7	53	2.56
7	54	3.67
7	72	3.00
7	78	2.25
7	79	3.91
7	81	3.57
7	82	3.57
7	89	4.11
7	90	2.44
7	92	3.12
7	93	3.78
7	101	2.00
7	106	3.00
7	118	3.62
7	121	3.67
7	126	3.85
7	127	4.11
7	131	3.67
7	133	3.96
7	136	4.14
7	139	3.00
7	142	3.33
7	151	3.00
7	153	3.77
7	154	3.54
7	156	3.25
7	161	3.53
7	162	3.30
7	163	3.60
7	166	4.20
7	168	4.20
7	171	3.75
7	172	4.10
7	174	4.23
7	176	3.81
7	177	3.77
7	181	3.86
7	182	3.52
7	183	4.06
7	185	4.33
7	188	3.93
7	190	3.87
7	191	4.07
7	193	4.00
7	195	4.09
7	196	3.64
7	200	3.33
7	203	3.75
7	205	3.88
7	207	3.50
7	208	3.82
7	210	3.91
7	212	3.75
7	223	3.87
7	226	3.45
7	227	3.53
7	228	3.85
7	232	2.86
7	241	3.56
7	259	2.21
7	260	2.17
7	264	3.08
7	266	1.00
7	268	3.62
7	269	3.70
7	273	3.14
7	281	3.20
7	285	4.08
7	288	2.84
7	300	3.56
7	307	3.52
7	334	3.43
7	378	3.83
7	382	2.88
7	385	3.48
7	389	3.00
7	393	3.57
7	396	2.20
7	399	3.43
7	401	1.80
7	404	3.56
7	418	3.43
7	420	3.75
7	423	4.06
7	428	3.83
7	430	4.43
7	431	3.27
7	432	3.71
7	435	4.10
7	448	2.62
7	450	2.50
7	451	2.93
7	455	3.36
7	461	3.36
7	471	3.57
7	472	3.22
7	479	4.41
7	480	4.23
7	481	3.00
7	482	3.72
7	483	4.47
7	484	4.44
7	485	3.31
7	489	4.00
7	491	3.67
7	492	3.73
7	495	3.10
7	496	4.26
7	497	3.73
7	498	4.24
7	501	3.36
7	504	3.74
7	505	4.18
7	511	4.42
7	514	3.92
7	515	4.28
7	519	4.19
7	520	4.00
7	526	3.89
7	528	4.22
7	530	4.07
7	537	3.50
7	541	1.50
7	542	2.50
7	543	5.00
7	548	2.33
7	550	3.59
7	553	3.00
7	554	2.67
7	555	1.00
7	559	2.60
7	560	3.00
7	562	2.75
7	563	2.75
7	564	1.00
7	567	4.00
7	570	2.80
7	576	3.33
7	579	3.00
7	580	3.50
7	581	3.17
7	582	3.33
7	587	3.53
7	589	3.86
